0.0	0.0	0	0	132
0.692	0.0	0	0	132
1.34	0.0	0	0	132
2.012	0.0	0	0	132
2.722	0.0	0	0	132
3.411	0.0	0	0	132
4.136	0.0	0	0	132
4.945	0.0	0	0	132
5.704	0.0	0	0	132
6.445	0.0	0	0	132
7.097	0.0	0	0	132
7.871	0.0	0	0	132
8.494	0.0	0	0	132
9.277	0.0	0	0	132
9.926	0.0	0	0	132
10.632	0.0	0	0	132
11.308	0.0	0	0	132
12.035	0.0	0	0	132
12.767	0.0	0	0	132
13.46	0.0	0	0	132
14.172	0.0	0	0	132
14.812	0.0	0	0	132
15.49	0.0	0	0	132
16.307	0.0	0	0	132
17.109	0.0	0	0	132
17.806	0.0	0	0	132
18.509	0.0	0	0	132
19.178	0.0	0	0	132
19.918	0.0	0	0	132
20.572	0.0	0	0	132
21.282	0.0	0	0	132
21.931	16.666666666666668	0	22	132
22.565	0.0	0	0	132
23.238	0.0	0	0	132
23.893	0.0	0	0	132
24.54	0.0	0	0	132
25.21	0.0	0	0	132
25.897	0.0	0	0	132
26.547	0.0	0	0	132
27.303	13.636363636363637	0	18	132
28.068	13.636363636363637	0	18	132
28.707	13.636363636363637	0	18	132
29.394	13.636363636363637	0	18	132
30.059	12.121212121212121	0	16	132
30.733	12.121212121212121	0	16	132
31.414	9.090909090909092	0	12	132
32.064	4.545454545454546	0	6	132
32.723	4.545454545454546	0	6	132
33.407	1.5151515151515151	0	2	132
34.047	0.0	0	0	132
34.659	0.0	0	0	132
35.388	31.818181818181817	0	42	132
36.078	31.818181818181817	0	42	132
36.681	31.818181818181817	0	42	132
37.296	31.818181818181817	0	42	132
38.02	22.727272727272727	0	30	132
38.609	21.21212121212121	0	28	132
39.254	21.21212121212121	0	28	132
39.901	21.21212121212121	0	28	132
40.525	21.21212121212121	0	28	132
41.197	7.575757575757576	0	10	132
41.913	4.545454545454546	0	6	132
42.558	1.5151515151515151	0	2	132
43.22	37.878787878787875	0	50	132
43.928	34.84848484848485	0	46	132
44.544	34.84848484848485	0	46	132
45.172	34.84848484848485	0	46	132
45.803	34.84848484848485	0	46	132
46.522	15.151515151515152	0	20	132
47.159	13.636363636363637	0	18	132
47.751	10.606060606060606	0	14	132
48.414	10.606060606060606	0	14	132
49.029	10.606060606060606	0	14	132
49.638	7.575757575757576	0	10	132
50.295	0.0	0	0	132
50.961	53.03030303030303	0	70	132
51.617	33.333333333333336	0	44	132
52.278	31.818181818181817	0	42	132
52.9	31.818181818181817	0	42	132
53.579	31.818181818181817	0	42	132
54.218	21.21212121212121	0	28	132
54.789	18.181818181818183	0	24	132
55.463	15.151515151515152	0	20	132
56.053	12.121212121212121	0	16	132
56.682	12.121212121212121	0	16	132
57.303	4.545454545454546	0	6	132
57.953	3.0303030303030303	0	4	132
58.589	0.0	0	0	132
59.285	31.818181818181817	0	42	132
60.008	30.303030303030305	0	40	132
60.655	30.303030303030305	0	40	132
61.343	30.303030303030305	0	40	132
62.06	9.090909090909092	0	12	132
62.662	9.090909090909092	0	12	132
63.289	9.090909090909092	0	12	132
63.849	6.0606060606060606	0	8	132
64.495	6.0606060606060606	0	8	132
65.148	6.0606060606060606	0	8	132
65.763	6.0606060606060606	0	8	132
66.417	4.545454545454546	0	6	132
67.069	48.484848484848484	0	64	132
67.677	18.181818181818183	0	24	132
68.416	16.666666666666668	0	22	132
69.113	16.666666666666668	0	22	132
69.795	16.666666666666668	0	22	132
70.446	7.575757575757576	0	10	132
71.036	6.0606060606060606	0	8	132
71.649	4.545454545454546	0	6	132
72.303	4.545454545454546	0	6	132
72.879	4.545454545454546	0	6	132
73.492	0.0	0	0	132
74.158	0.0	0	0	132
74.786	0.0	0	0	132
75.435	22.727272727272727	0	30	132
76.129	22.727272727272727	0	30	132
76.768	22.727272727272727	0	30	132
77.492	22.727272727272727	0	30	132
78.188	7.575757575757576	0	10	132
78.792	3.0303030303030303	0	4	132
79.374	3.0303030303030303	0	4	132
79.929	1.5151515151515151	0	2	132
80.525	1.5151515151515151	0	2	132
81.183	1.5151515151515151	0	2	132
81.817	1.5151515151515151	0	2	132
82.405	0.0	0	0	132
83.008	81.81818181818181	0	108	132
83.612	12.121212121212121	0	16	132
84.329	10.606060606060606	0	14	132
84.993	10.606060606060606	0	14	132
85.72	10.606060606060606	0	14	132
86.454	3.0303030303030303	0	4	132
87.077	1.5151515151515151	0	2	132
87.677	1.5151515151515151	0	2	132
88.282	1.5151515151515151	0	2	132
88.873	1.5151515151515151	0	2	132
89.465	1.5151515151515151	0	2	132
90.025	0.0	0	0	132
90.642	0.0	0	0	132
91.274	15.151515151515152	0	20	132
91.971	10.606060606060606	0	14	132
92.699	10.606060606060606	0	14	132
93.388	10.606060606060606	0	14	132
94.046	10.606060606060606	0	14	132
94.726	10.606060606060606	0	14	132
95.394	9.090909090909092	0	12	132
96.066	7.575757575757576	0	10	132
96.761	7.575757575757576	0	10	132
97.506	0.0	0	0	132
98.156	0.0	0	0	132
98.83	0.0	0	0	132
99.506	0.0	0	0	132
100.153	0.0	0	0	132
100.849	0.0	0	0	132
101.603	0.0	0	0	132
102.267	0.0	0	0	132
102.991	0.0	0	0	132
103.773	0.0	0	0	132
104.516	0.0	0	0	132
105.144	0.0	0	0	132
105.877	0.0	0	0	132
106.607	0.0	0	0	132
107.371	0.0	0	0	132
108.078	0.0	0	0	132
108.775	0.0	0	0	132
109.498	0.0	0	0	132
110.246	0.0	0	0	132
110.88	0.0	0	0	132
111.592	0.0	0	0	132
112.223	0.0	0	0	132
112.859	0.0	0	0	132
113.609	0.0	0	0	132
114.253	0.0	0	0	132
114.915	0.0	0	0	132
115.716	0.0	0	0	132
116.393	0.0	0	0	132
117.031	0.0	0	0	132
117.704	0.0	0	0	132
118.371	0.0	0	0	132
119.085	0.0	0	0	132
119.753	0.0	0	0	132
120.447	0.0	0	0	132
121.173	0.0	0	0	132
121.976	0.0	0	0	132
122.711	0.0	0	0	132
123.429	0.0	0	0	132
124.112	0.0	0	0	132
124.856	0.0	0	0	132
125.693	0.0	0	0	132
126.327	0.0	0	0	132
127.069	0.0	0	0	132
127.843	0.0	0	0	132
128.595	0.0	0	0	132
129.368	0.0	0	0	132
130.143	0.0	0	0	132
130.952	0.0	0	0	132
131.75	0.0	0	0	132
132.427	0.0	0	0	132
133.119	0.0	0	0	132
133.984	0.0	0	0	132
134.716	0.0	0	0	132
135.373	0.0	0	0	132
136.102	0.0	0	0	132
136.769	0.0	0	0	132
137.445	0.0	0	0	132
138.213	0.0	0	0	132
138.923	0.0	0	0	132
139.585	0.0	0	0	132
140.273	0.0	0	0	132
140.967	0.0	0	0	132
141.748	0.0	0	0	132
142.4	0.0	0	0	132
143.161	0.0	0	0	132
143.889	0.0	0	0	132
144.576	0.0	0	0	132
145.312	0.0	0	0	132
146.085	0.0	0	0	132
146.774	0.0	0	0	132
147.436	0.0	0	0	132
148.168	0.0	0	0	132
148.967	0.0	0	0	132
149.721	0.0	0	0	132
150.43	0.0	0	0	132
151.088	0.0	0	0	132
151.844	0.0	0	0	132
152.48	0.0	0	0	132
153.232	0.0	0	0	132
153.964	0.0	0	0	132
154.747	0.0	0	0	132
155.416	0.0	0	0	132
156.102	0.0	0	0	132
156.745	0.0	0	0	132
157.435	0.0	0	0	132
158.125	0.0	0	0	132
158.894	0.0	0	0	132
159.69	0.0	0	0	132
160.513	0.0	0	0	132
161.198	0.0	0	0	132
161.917	0.0	0	0	132
162.562	0.0	0	0	132
163.3	0.0	0	0	132
163.959	0.0	0	0	132
164.598	0.0	0	0	132
165.363	0.0	0	0	132
166.169	0.0	0	0	132
166.999	0.0	0	0	132
167.802	0.0	0	0	132
168.609	0.0	0	0	132
169.427	0.0	0	0	132
170.101	0.0	0	0	132
170.804	0.0	0	0	132
171.514	0.0	0	0	132
172.354	0.0	0	0	132
173.093	0.0	0	0	132
173.862	0.0	0	0	132
174.548	0.0	0	0	132
175.303	0.0	0	0	132
176.023	0.0	0	0	132
176.667	0.0	0	0	132
177.337	0.0	0	0	132
178.029	0.0	0	0	132
178.666	0.0	0	0	132
179.367	0.0	0	0	132
180.055	0.0	0	0	132
