1585936354641,0.000000,0,0,132
1585936355352,0.000000,0,0,132
1585936356019,0.000000,0,0,132
1585936356801,0.000000,0,0,132
1585936357465,0.000000,0,0,132
1585936358109,0.000000,0,0,132
1585936358798,0.000000,0,0,132
1585936359445,0.000000,0,0,132
1585936360130,0.000000,0,0,132
1585936360794,0.000000,0,0,132
1585936361458,0.000000,0,0,132
1585936362133,0.000000,0,0,132
1585936362769,0.000000,0,0,132
1585936363428,0.000000,0,0,132
1585936364117,0.000000,0,0,132
1585936364738,0.000000,0,0,132
1585936365394,0.000000,0,0,132
1585936366089,4.545455,0,6,132
1585936366769,0.000000,0,0,132
1585936367452,0.000000,0,0,132
1585936368108,0.000000,0,0,132
1585936368847,0.000000,0,0,132
1585936369493,0.000000,0,0,132
1585936370192,0.000000,0,0,132
1585936370860,0.000000,0,0,132
1585936371513,0.000000,0,0,132
1585936372176,0.000000,0,0,132
1585936372846,0.000000,0,0,132
1585936373500,0.000000,0,0,132
1585936374130,0.000000,0,0,132
1585936374764,0.000000,0,0,132
1585936375383,0.000000,0,0,132
1585936376047,0.000000,0,0,132
1585936376685,0.000000,0,0,132
1585936377366,0.000000,0,0,132
1585936378049,0.000000,0,0,132
1585936378774,0.000000,0,0,132
1585936379443,0.000000,0,0,132
1585936380165,0.000000,0,0,132
1585936380849,0.000000,0,0,132
1585936381563,0.000000,0,0,132
1585936382199,0.000000,0,0,132
1585936382837,0.000000,0,0,132
1585936383548,0.000000,0,0,132
1585936384234,0.000000,0,0,132
1585936385012,0.000000,0,0,132
1585936385650,0.000000,0,0,132
1585936386321,0.000000,0,0,132
1585936387041,0.000000,0,0,132
1585936387660,0.000000,0,0,132
1585936388264,0.000000,0,0,132
1585936388955,0.000000,0,0,132
1585936389617,0.000000,0,0,132
1585936390235,0.000000,0,0,132
1585936390942,0.000000,0,0,132
1585936391590,0.000000,0,0,132
1585936392231,0.000000,0,0,132
1585936392901,0.000000,0,0,132
1585936393554,0.000000,0,0,132
1585936394276,0.000000,0,0,132
1585936394957,0.000000,0,0,132
1585936395612,12.121212,0,16,132
1585936396431,12.121212,0,16,132
1585936397187,12.121212,0,16,132
1585936397913,12.121212,0,16,132
1585936398601,12.121212,0,16,132
1585936399304,12.121212,0,16,132
1585936400006,12.121212,0,16,132
1585936400653,0.000000,0,0,132
1585936401298,0.000000,0,0,132
1585936401922,0.000000,0,0,132
1585936402576,0.000000,0,0,132
1585936403243,0.000000,0,0,132
1585936403840,0.000000,0,0,132
1585936404448,0.000000,0,0,132
1585936405100,0.000000,0,0,132
1585936405754,0.000000,0,0,132
1585936406440,0.000000,0,0,132
1585936407061,0.000000,0,0,132
1585936407709,0.000000,0,0,132
1585936408308,0.000000,0,0,132
1585936408925,0.000000,0,0,132
1585936409562,0.000000,0,0,132
1585936410206,0.000000,0,0,132
1585936410807,24.242424,0,32,132
1585936411555,0.000000,0,0,132
1585936412243,0.000000,0,0,132
1585936412890,0.000000,0,0,132
1585936413580,0.000000,0,0,132
1585936414257,0.000000,0,0,132
1585936414931,0.000000,0,0,132
1585936415682,0.000000,0,0,132
1585936416294,0.000000,0,0,132
1585936416942,0.000000,0,0,132
1585936417602,0.000000,0,0,132
1585936418226,0.000000,0,0,132
1585936418814,0.000000,0,0,132
1585936419400,0.000000,0,0,132
1585936420044,0.000000,0,0,132
1585936420632,0.000000,0,0,132
1585936421229,0.000000,0,0,132
1585936421811,0.000000,0,0,132
1585936422393,0.000000,0,0,132
1585936422979,0.000000,0,0,132
1585936423592,0.000000,0,0,132
1585936424192,0.000000,0,0,132
1585936424832,0.000000,0,0,132
1585936425443,0.000000,0,0,132
1585936426052,33.333333,0,44,132
1585936426717,0.000000,0,0,132
1585936427392,0.000000,0,0,132
1585936428118,0.000000,0,0,132
1585936428817,0.000000,0,0,132
1585936429520,0.000000,0,0,132
1585936430220,0.000000,0,0,132
1585936430901,0.000000,0,0,132
1585936431515,0.000000,0,0,132
1585936432163,0.000000,0,0,132
1585936432797,0.000000,0,0,132
1585936433469,0.000000,0,0,132
1585936434072,0.000000,0,0,132
1585936434700,0.000000,0,0,132
1585936435359,0.000000,0,0,132
1585936435933,0.000000,0,0,132
1585936436543,0.000000,0,0,132
1585936437126,0.000000,0,0,132
1585936437806,0.000000,0,0,132
1585936438440,0.000000,0,0,132
1585936439108,0.000000,0,0,132
1585936439680,0.000000,0,0,132
1585936440271,0.000000,0,0,132
1585936440922,48.484848,0,64,132
1585936441514,0.000000,0,0,132
1585936442163,0.000000,0,0,132
1585936442866,0.000000,0,0,132
1585936443595,0.000000,0,0,132
1585936444269,0.000000,0,0,132
1585936444914,0.000000,0,0,132
1585936445567,0.000000,0,0,132
1585936446169,0.000000,0,0,132
1585936446746,0.000000,0,0,132
1585936447386,0.000000,0,0,132
1585936447994,0.000000,0,0,132
1585936448615,0.000000,0,0,132
1585936449235,0.000000,0,0,132
1585936449824,0.000000,0,0,132
1585936450425,0.000000,0,0,132
1585936451028,0.000000,0,0,132
1585936451628,0.000000,0,0,132
1585936452230,0.000000,0,0,132
1585936452835,0.000000,0,0,132
1585936453437,0.000000,0,0,132
1585936454026,0.000000,0,0,132
1585936454648,0.000000,0,0,132
1585936455243,0.000000,0,0,132
1585936455836,75.757576,0,100,132
1585936456465,60.606061,0,80,132
1585936457088,60.606061,0,80,132
1585936457723,0.000000,0,0,132
1585936458388,0.000000,0,0,132
1585936459048,0.000000,0,0,132
1585936459749,0.000000,0,0,132
1585936460449,0.000000,0,0,132
1585936461126,0.000000,0,0,132
1585936461714,0.000000,0,0,132
1585936462336,0.000000,0,0,132
1585936462923,0.000000,0,0,132
1585936463513,0.000000,0,0,132
1585936464100,0.000000,0,0,132
1585936464710,0.000000,0,0,132
1585936465327,0.000000,0,0,132
1585936465942,0.000000,0,0,132
1585936466504,0.000000,0,0,132
1585936467111,0.000000,0,0,132
1585936467739,0.000000,0,0,132
1585936468348,0.000000,0,0,132
1585936468956,0.000000,0,0,132
1585936469563,0.000000,0,0,132
1585936470126,0.000000,0,0,132
1585936470732,84.848485,0,112,132
1585936471357,65.151515,0,86,132
1585936471960,63.636364,0,84,132
1585936472632,54.545455,0,72,132
1585936473224,54.545455,0,72,132
1585936473896,0.000000,0,0,132
1585936474550,0.000000,0,0,132
1585936475191,0.000000,0,0,132
1585936475855,0.000000,0,0,132
1585936476496,0.000000,0,0,132
1585936477116,0.000000,0,0,132
1585936477717,0.000000,0,0,132
1585936478342,0.000000,0,0,132
1585936478975,0.000000,0,0,132
1585936479611,0.000000,0,0,132
1585936480178,0.000000,0,0,132
1585936480766,0.000000,0,0,132
1585936481380,0.000000,0,0,132
1585936482000,0.000000,0,0,132
1585936482623,0.000000,0,0,132
1585936483228,0.000000,0,0,132
1585936483850,0.000000,0,0,132
1585936484415,0.000000,0,0,132
1585936485073,0.000000,0,0,132
1585936485687,74.242424,0,98,132
1585936486262,65.151515,0,86,132
1585936486844,59.090909,0,78,132
1585936487444,53.030303,0,70,132
1585936488150,51.515152,0,68,132
1585936488812,51.515152,0,68,132
1585936489412,0.000000,0,0,132
1585936490070,0.000000,0,0,132
1585936490824,0.000000,0,0,132
1585936491561,0.000000,0,0,132
1585936492224,0.000000,0,0,132
1585936492940,0.000000,0,0,132
1585936493660,0.000000,0,0,132
1585936494331,0.000000,0,0,132
1585936495098,0.000000,0,0,132
1585936495846,0.000000,0,0,132
1585936496613,0.000000,0,0,132
1585936497291,0.000000,0,0,132
1585936498059,0.000000,0,0,132
1585936498803,0.000000,0,0,132
1585936499443,0.000000,0,0,132
1585936500191,0.000000,0,0,132
1585936500825,0.000000,0,0,132
1585936501466,0.000000,0,0,132
1585936502263,0.000000,0,0,132
1585936502938,0.000000,0,0,132
1585936503609,0.000000,0,0,132
1585936504254,0.000000,0,0,132
1585936504917,0.000000,0,0,132
1585936505612,0.000000,0,0,132
1585936506337,0.000000,0,0,132
1585936507004,0.000000,0,0,132
1585936507659,0.000000,0,0,132
1585936508321,0.000000,0,0,132
1585936509089,0.000000,0,0,132
1585936509858,0.000000,0,0,132
1585936510486,0.000000,0,0,132
1585936511172,0.000000,0,0,132
1585936511931,0.000000,0,0,132
1585936512566,0.000000,0,0,132
1585936513225,0.000000,0,0,132
1585936514020,0.000000,0,0,132
1585936514692,0.000000,0,0,132
1585936515372,0.000000,0,0,132
1585936516053,0.000000,0,0,132
1585936516793,0.000000,0,0,132
1585936517456,0.000000,0,0,132
1585936518120,0.000000,0,0,132
1585936518817,0.000000,0,0,132
1585936519477,0.000000,0,0,132
1585936520189,0.000000,0,0,132
1585936520873,0.000000,0,0,132
1585936521515,0.000000,0,0,132
1585936522197,0.000000,0,0,132
1585936522827,0.000000,0,0,132
1585936523486,0.000000,0,0,132
1585936524269,0.000000,0,0,132
1585936524981,0.000000,0,0,132
1585936525627,0.000000,0,0,132
1585936526271,0.000000,0,0,132
1585936526908,0.000000,0,0,132
1585936527550,0.000000,0,0,132
1585936528275,0.000000,0,0,132
1585936528985,0.000000,0,0,132
1585936529636,0.000000,0,0,132
1585936530273,0.000000,0,0,132
1585936530954,0.000000,0,0,132
1585936531628,0.000000,0,0,132
1585936532268,0.000000,0,0,132
1585936533056,0.000000,0,0,132
1585936533693,0.000000,0,0,132
1585936534351,0.000000,0,0,132
1585936535017,0.000000,0,0,132
1585936535662,0.000000,0,0,132
1585936536316,0.000000,0,0,132
1585936537067,0.000000,0,0,132
1585936537729,0.000000,0,0,132
1585936538363,0.000000,0,0,132
1585936539060,0.000000,0,0,132
1585936539714,0.000000,0,0,132
1585936540408,0.000000,0,0,132
1585936541098,0.000000,0,0,132
1585936541726,0.000000,0,0,132
1585936542383,0.000000,0,0,132
1585936543159,0.000000,0,0,132
1585936543875,0.000000,0,0,132
1585936544565,0.000000,0,0,132
1585936545231,0.000000,0,0,132
1585936545948,0.000000,0,0,132
1585936546622,0.000000,0,0,132
1585936547421,0.000000,0,0,132
1585936548125,0.000000,0,0,132
1585936548768,0.000000,0,0,132
1585936549405,0.000000,0,0,132
1585936550079,0.000000,0,0,132
1585936550759,0.000000,0,0,132
1585936551542,0.000000,0,0,132
1585936552226,0.000000,0,0,132
1585936552866,0.000000,0,0,132
1585936553527,0.000000,0,0,132
1585936554236,0.000000,0,0,132
1585936554913,0.000000,0,0,132
1585936555555,0.000000,0,0,132
1585936556239,0.000000,0,0,132
1585936556954,0.000000,0,0,132
1585936557611,0.000000,0,0,132
1585936558334,0.000000,0,0,132
1585936558974,0.000000,0,0,132
1585936559677,0.000000,0,0,132
1585936560310,0.000000,0,0,132
1585936561022,0.000000,0,0,132
1585936561726,0.000000,0,0,132
1585936562468,0.000000,0,0,132
1585936563126,0.000000,0,0,132
1585936563803,0.000000,0,0,132
1585936564464,0.000000,0,0,132
1585936565110,0.000000,0,0,132
1585936565805,0.000000,0,0,132
1585936566445,0.000000,0,0,132
1585936567222,0.000000,0,0,132
1585936567870,0.000000,0,0,132
1585936568566,0.000000,0,0,132
1585936569268,0.000000,0,0,132
1585936569901,0.000000,0,0,132
1585936570596,0.000000,0,0,132
1585936571419,0.000000,0,0,132
1585936572085,0.000000,0,0,132
1585936572821,0.000000,0,0,132
1585936573537,0.000000,0,0,132
1585936574200,0.000000,0,0,132
1585936574846,0.000000,0,0,132
1585936575514,0.000000,0,0,132
1585936576333,0.000000,0,0,132
1585936576958,0.000000,0,0,132
1585936577584,0.000000,0,0,132
1585936578268,0.000000,0,0,132
1585936578935,0.000000,0,0,132
1585936579649,0.000000,0,0,132
1585936580347,0.000000,0,0,132
1585936580975,0.000000,0,0,132
1585936581733,0.000000,0,0,132
1585936582368,0.000000,0,0,132
1585936583000,0.000000,0,0,132
1585936583680,0.000000,0,0,132
1585936584341,0.000000,0,0,132
1585936584991,0.000000,0,0,132
1585936585716,0.000000,0,0,132
1585936586480,0.000000,0,0,132
1585936587236,0.000000,0,0,132
1585936588027,0.000000,0,0,132
1585936588794,0.000000,0,0,132
1585936589550,0.000000,0,0,132
1585936590348,0.000000,0,0,132
1585936591069,0.000000,0,0,132
1585936591757,0.000000,0,0,132
1585936592431,0.000000,0,0,132
1585936593058,0.000000,0,0,132
1585936593700,0.000000,0,0,132
1585936594405,0.000000,0,0,132
1585936595064,0.000000,0,0,132
1585936595751,0.000000,0,0,132
1585936596457,0.000000,0,0,132
1585936597098,0.000000,0,0,132
1585936597812,0.000000,0,0,132
1585936598582,0.000000,0,0,132
1585936599409,0.000000,0,0,132
1585936600150,0.000000,0,0,132
1585936600910,0.000000,0,0,132
1585936601702,0.000000,0,0,132
1585936602511,0.000000,0,0,132
1585936603275,0.000000,0,0,132
1585936603923,0.000000,0,0,132
1585936604631,0.000000,0,0,132
1585936605427,0.000000,0,0,132
1585936606104,0.000000,0,0,132
1585936606731,0.000000,0,0,132
1585936607459,0.000000,0,0,132
1585936608133,0.000000,0,0,132
1585936608889,0.000000,0,0,132
1585936609565,0.000000,0,0,132
1585936610209,0.000000,0,0,132
1585936610855,0.000000,0,0,132
1585936611582,0.000000,0,0,132
1585936612241,0.000000,0,0,132
1585936612925,0.000000,0,0,132
1585936613612,0.000000,0,0,132
1585936614256,0.000000,0,0,132
1585936614945,0.000000,0,0,132
1585936615599,0.000000,0,0,132
1585936616231,0.000000,0,0,132
1585936616903,0.000000,0,0,132
1585936617575,0.000000,0,0,132
1585936618237,0.000000,0,0,132
1585936618911,0.000000,0,0,132
1585936619650,0.000000,0,0,132
1585936620331,0.000000,0,0,132
1585936621049,0.000000,0,0,132
1585936621744,0.000000,0,0,132
1585936622500,0.000000,0,0,132
1585936623216,0.000000,0,0,132
1585936623891,0.000000,0,0,132
1585936624523,0.000000,0,0,132
1585936625188,0.000000,0,0,132
1585936625895,0.000000,0,0,132
1585936626584,0.000000,0,0,132
1585936627247,0.000000,0,0,132
1585936627909,0.000000,0,0,132
1585936628540,0.000000,0,0,132
1585936629213,0.000000,0,0,132
1585936629851,0.000000,0,0,132
1585936630554,0.000000,0,0,132
1585936631233,0.000000,0,0,132
1585936631923,0.000000,0,0,132
1585936632576,0.000000,0,0,132
1585936633243,0.000000,0,0,132
1585936633920,0.000000,0,0,132
1585936634577,0.000000,0,0,132
1585936635288,0.000000,0,0,132
1585936636025,0.000000,0,0,132
1585936636771,0.000000,0,0,132
1585936637430,0.000000,0,0,132
1585936638106,0.000000,0,0,132
1585936638832,0.000000,0,0,132
1585936639488,0.000000,0,0,132
1585936640175,0.000000,0,0,132
1585936640864,0.000000,0,0,132
1585936641597,0.000000,0,0,132
1585936642322,0.000000,0,0,132
1585936643002,0.000000,0,0,132
1585936643673,0.000000,0,0,132
1585936644356,0.000000,0,0,132
1585936645071,0.000000,0,0,132
1585936645797,0.000000,0,0,132
1585936646450,0.000000,0,0,132
1585936647192,0.000000,0,0,132
1585936647902,0.000000,0,0,132
1585936648610,0.000000,0,0,132
1585936649328,0.000000,0,0,132
1585936650001,0.000000,0,0,132
1585936650701,0.000000,0,0,132
1585936651366,0.000000,0,0,132
1585936652020,0.000000,0,0,132
1585936652812,0.000000,0,0,132
1585936653451,0.000000,0,0,132
1585936654162,0.000000,0,0,132
1585936654909,0.000000,0,0,132
1585936655599,0.000000,0,0,132
1585936656307,0.000000,0,0,132
1585936656984,0.000000,0,0,132
1585936657678,0.000000,0,0,132
1585936658362,0.000000,0,0,132
1585936659091,0.000000,0,0,132
1585936659779,0.000000,0,0,132
1585936660526,0.000000,0,0,132
1585936661223,0.000000,0,0,132
1585936661906,0.000000,0,0,132
1585936662618,0.000000,0,0,132
1585936663267,0.000000,0,0,132
1585936663924,0.000000,0,0,132
1585936664614,0.000000,0,0,132
1585936665389,0.000000,0,0,132
1585936666028,0.000000,0,0,132
1585936666750,0.000000,0,0,132
1585936667458,0.000000,0,0,132
1585936668226,0.000000,0,0,132
1585936668911,0.000000,0,0,132
1585936669562,0.000000,0,0,132
1585936670233,0.000000,0,0,132
1585936670893,0.000000,0,0,132
1585936671556,0.000000,0,0,132
1585936672226,0.000000,0,0,132
1585936672954,0.000000,0,0,132
1585936673605,0.000000,0,0,132
1585936674379,0.000000,0,0,132
1585936675187,0.000000,0,0,132
1585936675972,0.000000,0,0,132
1585936676753,0.000000,0,0,132
1585936677524,0.000000,0,0,132
1585936678315,0.000000,0,0,132
1585936679100,0.000000,0,0,132
1585936679903,0.000000,0,0,132
1585936680662,0.000000,0,0,132
1585936681406,0.000000,0,0,132
1585936682075,0.000000,0,0,132
1585936682719,0.000000,0,0,132
1585936683499,0.000000,0,0,132
1585936684200,0.000000,0,0,132
1585936684851,0.000000,0,0,132
1585936685557,0.000000,0,0,132
1585936686225,0.000000,0,0,132
1585936686911,0.000000,0,0,132
1585936687613,0.000000,0,0,132
1585936688303,0.000000,0,0,132
1585936689052,0.000000,0,0,132
1585936689722,0.000000,0,0,132
1585936690392,0.000000,0,0,132
1585936691017,0.000000,0,0,132
1585936691697,0.000000,0,0,132
1585936692359,0.000000,0,0,132
1585936692995,0.000000,0,0,132
1585936693666,0.000000,0,0,132
1585936694323,0.000000,0,0,132
1585936694987,0.000000,0,0,132
1585936695678,0.000000,0,0,132
1585936696402,0.000000,0,0,132
1585936697047,0.000000,0,0,132
1585936697704,0.000000,0,0,132
1585936698380,0.000000,0,0,132
1585936699101,0.000000,0,0,132
1585936699757,0.000000,0,0,132
1585936700420,0.000000,0,0,132
1585936701135,0.000000,0,0,132
1585936701815,0.000000,0,0,132
1585936702530,0.000000,0,0,132
1585936703242,0.000000,0,0,132
1585936703888,0.000000,0,0,132
1585936704543,0.000000,0,0,132
1585936705189,0.000000,0,0,132
1585936705827,0.000000,0,0,132
1585936706533,0.000000,0,0,132
1585936707334,0.000000,0,0,132
1585936707961,0.000000,0,0,132
1585936708711,0.000000,0,0,132
1585936709362,0.000000,0,0,132
1585936710003,0.000000,0,0,132
1585936710735,0.000000,0,0,132
1585936711377,0.000000,0,0,132
1585936712085,0.000000,0,0,132
1585936712766,0.000000,0,0,132
1585936713439,0.000000,0,0,132
1585936714161,0.000000,0,0,132
1585936714855,0.000000,0,0,132
1585936715587,0.000000,0,0,132
1585936716221,0.000000,0,0,132
1585936716899,0.000000,0,0,132
1585936717570,0.000000,0,0,132
1585936718277,0.000000,0,0,132
1585936718930,0.000000,0,0,132
1585936719643,0.000000,0,0,132
1585936720283,0.000000,0,0,132
1585936720930,0.000000,0,0,132
1585936721773,0.000000,0,0,132
1585936722406,0.000000,0,0,132
1585936723080,0.000000,0,0,132
1585936723831,0.000000,0,0,132
1585936724571,0.000000,0,0,132
1585936725365,0.000000,0,0,132
1585936726004,0.000000,0,0,132
1585936726673,0.000000,0,0,132
1585936727355,0.000000,0,0,132
1585936728007,0.000000,0,0,132
1585936728689,0.000000,0,0,132
1585936729426,0.000000,0,0,132
1585936730062,0.000000,0,0,132
1585936730734,0.000000,0,0,132
1585936731498,0.000000,0,0,132
1585936732258,0.000000,0,0,132
1585936732929,0.000000,0,0,132
1585936733747,0.000000,0,0,132
1585936734388,0.000000,0,0,132
1585936735036,0.000000,0,0,132
1585936735730,0.000000,0,0,132
1585936736391,0.000000,0,0,132
1585936737029,0.000000,0,0,132
1585936737764,0.000000,0,0,132
1585936738449,0.000000,0,0,132
1585936739094,0.000000,0,0,132
1585936739913,0.000000,0,0,132
1585936740628,0.000000,0,0,132
1585936741331,0.000000,0,0,132
1585936742000,0.000000,0,0,132
1585936742628,0.000000,0,0,132
1585936743319,0.000000,0,0,132
1585936743967,0.000000,0,0,132
1585936744719,0.000000,0,0,132
1585936745383,0.000000,0,0,132
1585936746064,0.000000,0,0,132
1585936746739,0.000000,0,0,132
1585936747430,0.000000,0,0,132
1585936748078,0.000000,0,0,132
1585936748759,0.000000,0,0,132
1585936749421,0.000000,0,0,132
1585936750101,0.000000,0,0,132
1585936750832,0.000000,0,0,132
1585936751523,0.000000,0,0,132
1585936752166,0.000000,0,0,132
1585936752798,0.000000,0,0,132
1585936753434,0.000000,0,0,132
1585936754129,0.000000,0,0,132
1585936754976,0.000000,0,0,132
1585936755675,0.000000,0,0,132
1585936756311,0.000000,0,0,132
1585936757055,0.000000,0,0,132
1585936757742,0.000000,0,0,132
1585936758462,0.000000,0,0,132
1585936759127,0.000000,0,0,132
1585936759802,0.000000,0,0,132
1585936760484,0.000000,0,0,132
1585936761123,0.000000,0,0,132
1585936761879,0.000000,0,0,132
1585936762573,0.000000,0,0,132
1585936763213,0.000000,0,0,132
1585936763945,0.000000,0,0,132
1585936764649,0.000000,0,0,132
1585936765283,0.000000,0,0,132
1585936765969,0.000000,0,0,132
1585936766719,0.000000,0,0,132
1585936767524,0.000000,0,0,132
1585936768219,0.000000,0,0,132
1585936768880,0.000000,0,0,132
1585936769536,0.000000,0,0,132
1585936770184,0.000000,0,0,132
1585936770930,0.000000,0,0,132
1585936771574,0.000000,0,0,132
1585936772229,0.000000,0,0,132
1585936772922,0.000000,0,0,132
1585936773607,0.000000,0,0,132
1585936774289,0.000000,0,0,132
1585936774968,0.000000,0,0,132
1585936775674,0.000000,0,0,132
1585936776321,0.000000,0,0,132
1585936776977,0.000000,0,0,132
1585936777675,0.000000,0,0,132
1585936778323,0.000000,0,0,132
1585936779026,0.000000,0,0,132
1585936779793,0.000000,0,0,132
1585936780528,0.000000,0,0,132
1585936781270,0.000000,0,0,132
1585936781998,0.000000,0,0,132
1585936782636,0.000000,0,0,132
1585936783303,0.000000,0,0,132
1585936784035,0.000000,0,0,132
1585936784692,0.000000,0,0,132
1585936785359,0.000000,0,0,132
1585936786064,0.000000,0,0,132
1585936786720,0.000000,0,0,132
1585936787386,0.000000,0,0,132
1585936788081,0.000000,0,0,132
1585936788829,0.000000,0,0,132
1585936789517,0.000000,0,0,132
1585936790195,0.000000,0,0,132
1585936790937,0.000000,0,0,132
1585936791678,0.000000,0,0,132
1585936792387,0.000000,0,0,132
1585936793057,0.000000,0,0,132
1585936793804,0.000000,0,0,132
1585936794438,0.000000,0,0,132
1585936795088,0.000000,0,0,132
1585936795786,0.000000,0,0,132
1585936796430,0.000000,0,0,132
1585936797147,0.000000,0,0,132
1585936797896,0.000000,0,0,132
1585936798553,0.000000,0,0,132
1585936799255,0.000000,0,0,132
1585936799964,0.000000,0,0,132
1585936800628,0.000000,0,0,132
1585936801271,0.000000,0,0,132
1585936801956,0.000000,0,0,132
1585936802724,0.000000,0,0,132
1585936803431,0.000000,0,0,132
1585936804144,0.000000,0,0,132
1585936804893,0.000000,0,0,132
1585936805521,0.000000,0,0,132
1585936806199,0.000000,0,0,132
1585936806960,0.000000,0,0,132
1585936807717,0.000000,0,0,132
1585936808387,0.000000,0,0,132
1585936809080,0.000000,0,0,132
1585936809867,0.000000,0,0,132
1585936810512,0.000000,0,0,132
1585936811247,0.000000,0,0,132
1585936811948,0.000000,0,0,132
1585936812582,0.000000,0,0,132
1585936813222,0.000000,0,0,132
1585936813983,0.000000,0,0,132
1585936814748,0.000000,0,0,132
1585936815472,0.000000,0,0,132
1585936816193,0.000000,0,0,132
1585936816834,0.000000,0,0,132
1585936817505,0.000000,0,0,132
1585936818174,0.000000,0,0,132
1585936818852,0.000000,0,0,132
1585936819507,0.000000,0,0,132
1585936820192,0.000000,0,0,132
1585936820865,0.000000,0,0,132
1585936821540,0.000000,0,0,132
1585936822297,0.000000,0,0,132
1585936823068,0.000000,0,0,132
1585936823759,0.000000,0,0,132
1585936824424,0.000000,0,0,132
1585936825144,0.000000,0,0,132
1585936825806,0.000000,0,0,132
1585936826554,0.000000,0,0,132
1585936827212,0.000000,0,0,132
1585936827851,0.000000,0,0,132
1585936828496,0.000000,0,0,132
1585936829163,0.000000,0,0,132
1585936829870,0.000000,0,0,132
1585936830562,0.000000,0,0,132
1585936831236,0.000000,0,0,132
1585936831878,0.000000,0,0,132
1585936832516,0.000000,0,0,132
1585936833164,0.000000,0,0,132
1585936833850,0.000000,0,0,132
1585936834500,0.000000,0,0,132
1585936835287,0.000000,0,0,132
1585936835962,0.000000,0,0,132
1585936836630,0.000000,0,0,132
1585936837278,0.000000,0,0,132
1585936837989,0.000000,0,0,132
1585936838697,0.000000,0,0,132
1585936839436,0.000000,0,0,132
1585936840194,0.000000,0,0,132
1585936840841,0.000000,0,0,132
1585936841513,0.000000,0,0,132
1585936842286,0.000000,0,0,132
1585936842997,0.000000,0,0,132
1585936843629,0.000000,0,0,132
1585936844324,0.000000,0,0,132
1585936845123,0.000000,0,0,132
1585936845763,0.000000,0,0,132
1585936846461,0.000000,0,0,132
1585936847284,0.000000,0,0,132
1585936847930,0.000000,0,0,132
1585936848604,0.000000,0,0,132
1585936849315,0.000000,0,0,132
1585936850020,0.000000,0,0,132
1585936850719,0.000000,0,0,132
1585936851435,0.000000,0,0,132
1585936852120,0.000000,0,0,132
1585936852778,0.000000,0,0,132
1585936853487,0.000000,0,0,132
1585936854256,0.000000,0,0,132
1585936854897,0.000000,0,0,132
1585936855543,0.000000,0,0,132
1585936856242,0.000000,0,0,132
1585936856889,0.000000,0,0,132
1585936857595,0.000000,0,0,132
1585936858227,0.000000,0,0,132
1585936858866,0.000000,0,0,132
1585936859524,0.000000,0,0,132
1585936860214,0.000000,0,0,132
1585936860876,0.000000,0,0,132
1585936861558,0.000000,0,0,132
1585936862236,0.000000,0,0,132
1585936862888,0.000000,0,0,132
1585936863526,0.000000,0,0,132
1585936864276,0.000000,0,0,132
1585936864922,0.000000,0,0,132
1585936865607,0.000000,0,0,132
1585936866278,0.000000,0,0,132
1585936866925,0.000000,0,0,132
1585936867601,0.000000,0,0,132
1585936868364,0.000000,0,0,132
1585936869005,0.000000,0,0,132
1585936869805,0.000000,0,0,132
1585936870521,0.000000,0,0,132
1585936871210,0.000000,0,0,132
1585936871853,0.000000,0,0,132
1585936872496,0.000000,0,0,132
1585936873163,0.000000,0,0,132
1585936873824,0.000000,0,0,132
1585936874622,0.000000,0,0,132
1585936875291,0.000000,0,0,132
1585936876024,0.000000,0,0,132
1585936876682,0.000000,0,0,132
1585936877393,0.000000,0,0,132
1585936878037,0.000000,0,0,132
1585936878827,0.000000,0,0,132
1585936879504,0.000000,0,0,132
1585936880205,0.000000,0,0,132
1585936880904,0.000000,0,0,132
1585936881660,0.000000,0,0,132
1585936882393,0.000000,0,0,132
1585936883034,0.000000,0,0,132
1585936883741,0.000000,0,0,132
1585936884426,0.000000,0,0,132
1585936885111,0.000000,0,0,132
1585936885780,0.000000,0,0,132
1585936886441,0.000000,0,0,132
1585936887072,0.000000,0,0,132
1585936887720,0.000000,0,0,132
1585936888447,0.000000,0,0,132
1585936889092,0.000000,0,0,132
1585936889819,0.000000,0,0,132
1585936890501,0.000000,0,0,132
1585936891261,0.000000,0,0,132
1585936891940,0.000000,0,0,132
1585936892658,0.000000,0,0,132
1585936893307,0.000000,0,0,132
1585936894011,0.000000,0,0,132
1585936894774,0.000000,0,0,132
1585936895455,0.000000,0,0,132
1585936896107,0.000000,0,0,132
1585936896873,0.000000,0,0,132
1585936897540,0.000000,0,0,132
1585936898228,0.000000,0,0,132
1585936898952,0.000000,0,0,132
1585936899684,0.000000,0,0,132
1585936900393,0.000000,0,0,132
1585936901103,0.000000,0,0,132
1585936901805,0.000000,0,0,132
1585936902493,0.000000,0,0,132
1585936903158,0.000000,0,0,132
1585936903835,0.000000,0,0,132
1585936904526,0.000000,0,0,132
1585936905175,0.000000,0,0,132
1585936905823,0.000000,0,0,132
1585936906545,0.000000,0,0,132
1585936907189,0.000000,0,0,132
1585936907918,0.000000,0,0,132
1585936908589,0.000000,0,0,132
1585936909238,0.000000,0,0,132
1585936909902,0.000000,0,0,132
1585936910566,0.000000,0,0,132
1585936911214,0.000000,0,0,132
1585936911940,0.000000,0,0,132
1585936912707,0.000000,0,0,132
1585936913384,0.000000,0,0,132
1585936914082,0.000000,0,0,132
1585936914829,0.000000,0,0,132
1585936915530,0.000000,0,0,132
1585936916203,0.000000,0,0,132
1585936916881,0.000000,0,0,132
1585936917512,0.000000,0,0,132
1585936918180,0.000000,0,0,132
1585936918974,0.000000,0,0,132
1585936919628,0.000000,0,0,132
1585936920283,0.000000,0,0,132
1585936920917,0.000000,0,0,132
1585936921572,0.000000,0,0,132
1585936922273,0.000000,0,0,132
1585936922949,0.000000,0,0,132
1585936923606,0.000000,0,0,132
1585936924260,0.000000,0,0,132
1585936924918,0.000000,0,0,132
1585936925585,0.000000,0,0,132
1585936926250,0.000000,0,0,132
1585936926966,0.000000,0,0,132
1585936927666,0.000000,0,0,132
1585936928334,0.000000,0,0,132
1585936929143,0.000000,0,0,132
1585936929814,0.000000,0,0,132
1585936930486,0.000000,0,0,132
1585936931167,0.000000,0,0,132
1585936931947,0.000000,0,0,132
1585936932625,0.000000,0,0,132
1585936933377,0.000000,0,0,132
1585936934187,0.000000,0,0,132
1585936934873,0.000000,0,0,132
1585936935545,0.000000,0,0,132
1585936936212,0.000000,0,0,132
1585936936905,0.000000,0,0,132
1585936937665,0.000000,0,0,132
1585936938337,0.000000,0,0,132
1585936939062,0.000000,0,0,132
1585936939700,0.000000,0,0,132
1585936940403,0.000000,0,0,132
1585936941134,0.000000,0,0,132
1585936941882,0.000000,0,0,132
1585936942571,0.000000,0,0,132
1585936943274,0.000000,0,0,132
1585936944002,0.000000,0,0,132
1585936944681,0.000000,0,0,132
1585936945348,0.000000,0,0,132
1585936946012,0.000000,0,0,132
1585936946749,0.000000,0,0,132
1585936947473,0.000000,0,0,132
1585936948181,0.000000,0,0,132
1585936948858,0.000000,0,0,132
1585936949512,0.000000,0,0,132
1585936950146,0.000000,0,0,132
1585936950877,0.000000,0,0,132
1585936951527,0.000000,0,0,132
1585936952176,0.000000,0,0,132
1585936952855,0.000000,0,0,132
1585936953483,0.000000,0,0,132
1585936954145,0.000000,0,0,132
1585936954782,0.000000,0,0,132
1585936955447,0.000000,0,0,132
1585936956100,0.000000,0,0,132
1585936956810,0.000000,0,0,132
1585936957484,0.000000,0,0,132
1585936958141,0.000000,0,0,132
1585936958853,0.000000,0,0,132
1585936959489,0.000000,0,0,132
1585936960199,0.000000,0,0,132
1585936960911,0.000000,0,0,132
1585936961546,0.000000,0,0,132
1585936962259,0.000000,0,0,132
1585936963000,0.000000,0,0,132
1585936963649,0.000000,0,0,132
1585936964327,0.000000,0,0,132
1585936965098,0.000000,0,0,132
1585936965755,0.000000,0,0,132
1585936966447,0.000000,0,0,132
1585936967127,0.000000,0,0,132
1585936967833,0.000000,0,0,132
1585936968535,0.000000,0,0,132
1585936969218,0.000000,0,0,132
1585936969887,0.000000,0,0,132
1585936970638,0.000000,0,0,132
1585936971340,0.000000,0,0,132
1585936972087,0.000000,0,0,132
1585936972819,0.000000,0,0,132
1585936973602,0.000000,0,0,132
1585936974265,0.000000,0,0,132
1585936974974,0.000000,0,0,132
1585936975681,0.000000,0,0,132
1585936976379,0.000000,0,0,132
1585936977114,0.000000,0,0,132
1585936977772,0.000000,0,0,132
1585936978495,0.000000,0,0,132
1585936979180,0.000000,0,0,132
1585936979879,0.000000,0,0,132
1585936980601,0.000000,0,0,132
1585936981260,0.000000,0,0,132
1585936981956,0.000000,0,0,132
1585936982635,0.000000,0,0,132
1585936983314,0.000000,0,0,132
1585936984023,0.000000,0,0,132
1585936984693,0.000000,0,0,132
1585936985384,0.000000,0,0,132
1585936986157,0.000000,0,0,132
1585936986830,0.000000,0,0,132
1585936987504,0.000000,0,0,132
1585936988173,0.000000,0,0,132
1585936988803,0.000000,0,0,132
1585936989493,0.000000,0,0,132
1585936990261,0.000000,0,0,132
1585936990927,0.000000,0,0,132
1585936991665,0.000000,0,0,132
1585936992333,0.000000,0,0,132
1585936993038,0.000000,0,0,132
1585936993732,0.000000,0,0,132
1585936994563,0.000000,0,0,132
1585936995207,0.000000,0,0,132
1585936995967,0.000000,0,0,132
1585936996668,0.000000,0,0,132
1585936997414,0.000000,0,0,132
1585936998078,0.000000,0,0,132
1585936998797,0.000000,0,0,132
1585936999521,0.000000,0,0,132
1585937000204,0.000000,0,0,132
1585937000858,0.000000,0,0,132
1585937001597,0.000000,0,0,132
1585937002402,0.000000,0,0,132
1585937003059,0.000000,0,0,132
1585937003749,0.000000,0,0,132
1585937004399,0.000000,0,0,132
1585937005183,0.000000,0,0,132
1585937005849,0.000000,0,0,132
1585937006509,0.000000,0,0,132
1585937007176,0.000000,0,0,132
1585937007836,0.000000,0,0,132
1585937008530,0.000000,0,0,132
1585937009289,0.000000,0,0,132
1585937009979,0.000000,0,0,132
1585937010636,0.000000,0,0,132
1585937011307,0.000000,0,0,132
1585937012071,0.000000,0,0,132
1585937012776,0.000000,0,0,132
1585937013480,0.000000,0,0,132
1585937014161,0.000000,0,0,132
1585937014839,0.000000,0,0,132
1585937015479,0.000000,0,0,132
1585937016198,0.000000,0,0,132
1585937016915,0.000000,0,0,132
1585937017609,0.000000,0,0,132
1585937018261,0.000000,0,0,132
1585937018967,0.000000,0,0,132
1585937019596,0.000000,0,0,132
1585937020226,0.000000,0,0,132
1585937020879,0.000000,0,0,132
1585937021545,0.000000,0,0,132
1585937022235,0.000000,0,0,132
1585937022938,0.000000,0,0,132
1585937023625,0.000000,0,0,132
1585937024308,0.000000,0,0,132
1585937024941,0.000000,0,0,132
1585937025628,0.000000,0,0,132
1585937026265,0.000000,0,0,132
1585937026947,0.000000,0,0,132
1585937027689,0.000000,0,0,132
1585937028438,0.000000,0,0,132
1585937029137,0.000000,0,0,132
1585937029798,0.000000,0,0,132
1585937030545,0.000000,0,0,132
1585937031236,0.000000,0,0,132
1585937031928,0.000000,0,0,132
1585937032572,0.000000,0,0,132
1585937033263,0.000000,0,0,132
1585937033964,0.000000,0,0,132
1585937034668,0.000000,0,0,132
1585937035346,0.000000,0,0,132
1585937035997,0.000000,0,0,132
1585937036723,0.000000,0,0,132
1585937037430,0.000000,0,0,132
1585937038071,0.000000,0,0,132
1585937038775,0.000000,0,0,132
1585937039420,0.000000,0,0,132
1585937040061,0.000000,0,0,132
1585937040746,0.000000,0,0,132
1585937041469,0.000000,0,0,132
1585937042110,0.000000,0,0,132
1585937042784,0.000000,0,0,132
1585937043506,0.000000,0,0,132
1585937044183,0.000000,0,0,132
1585937044888,0.000000,0,0,132
1585937045552,0.000000,0,0,132
1585937046253,0.000000,0,0,132
1585937046916,0.000000,0,0,132
1585937047549,0.000000,0,0,132
1585937048210,0.000000,0,0,132
1585937048895,0.000000,0,0,132
1585937049535,0.000000,0,0,132
1585937050265,0.000000,0,0,132
1585937050994,0.000000,0,0,132
1585937051719,0.000000,0,0,132
1585937052474,0.000000,0,0,132
1585937053127,0.000000,0,0,132
1585937053911,0.000000,0,0,132
1585937054632,0.000000,0,0,132
1585937055379,0.000000,0,0,132
1585937056081,0.000000,0,0,132
1585937056770,0.000000,0,0,132
1585937057464,0.000000,0,0,132
1585937058126,0.000000,0,0,132
1585937058814,0.000000,0,0,132
1585937059495,0.000000,0,0,132
1585937060236,0.000000,0,0,132
1585937060910,0.000000,0,0,132
1585937061579,0.000000,0,0,132
1585937062229,0.000000,0,0,132
1585937062900,0.000000,0,0,132
1585937063608,0.000000,0,0,132
1585937064250,0.000000,0,0,132
1585937064948,0.000000,0,0,132
1585937065696,0.000000,0,0,132
1585937066346,0.000000,0,0,132
1585937067062,0.000000,0,0,132
1585937067701,0.000000,0,0,132
1585937068366,0.000000,0,0,132
1585937069058,0.000000,0,0,132
1585937069712,0.000000,0,0,132
1585937070356,0.000000,0,0,132
1585937071064,0.000000,0,0,132
1585937071721,0.000000,0,0,132
1585937072494,0.000000,0,0,132
1585937073210,0.000000,0,0,132
1585937073896,0.000000,0,0,132
1585937074550,0.000000,0,0,132
1585937075288,0.000000,0,0,132
1585937076027,0.000000,0,0,132
1585937076776,0.000000,0,0,132
1585937077451,0.000000,0,0,132
1585937078107,0.000000,0,0,132
1585937078746,0.000000,0,0,132
1585937079500,0.000000,0,0,132
1585937080134,0.000000,0,0,132
1585937080799,0.000000,0,0,132
1585937081554,0.000000,0,0,132
1585937082194,0.000000,0,0,132
1585937082953,0.000000,0,0,132
1585937083646,0.000000,0,0,132
1585937084334,0.000000,0,0,132
1585937085007,0.000000,0,0,132
1585937085742,0.000000,0,0,132
1585937086415,0.000000,0,0,132
1585937087079,0.000000,0,0,132
1585937087743,0.000000,0,0,132
1585937088387,0.000000,0,0,132
1585937089154,0.000000,0,0,132
1585937089820,0.000000,0,0,132
1585937090492,0.000000,0,0,132
1585937091244,0.000000,0,0,132
1585937091880,0.000000,0,0,132
1585937092576,0.000000,0,0,132
1585937093276,0.000000,0,0,132
1585937093932,0.000000,0,0,132
1585937094619,0.000000,0,0,132
1585937095265,0.000000,0,0,132
1585937095933,0.000000,0,0,132
1585937096618,0.000000,0,0,132
1585937097308,0.000000,0,0,132
1585937097983,0.000000,0,0,132
1585937098633,0.000000,0,0,132
1585937099376,0.000000,0,0,132
1585937100012,0.000000,0,0,132
1585937100677,0.000000,0,0,132
1585937101339,0.000000,0,0,132
1585937101978,0.000000,0,0,132
1585937102661,0.000000,0,0,132
1585937103389,0.000000,0,0,132
1585937104121,0.000000,0,0,132
1585937104776,0.000000,0,0,132
1585937105445,0.000000,0,0,132
1585937106261,0.000000,0,0,132
1585937106934,0.000000,0,0,132
1585937107686,0.000000,0,0,132
1585937108426,0.000000,0,0,132
1585937109199,0.000000,0,0,132
1585937109859,0.000000,0,0,132
1585937110568,0.000000,0,0,132
1585937111250,0.000000,0,0,132
1585937111929,0.000000,0,0,132
1585937112564,0.000000,0,0,132
1585937113241,0.000000,0,0,132
1585937113899,0.000000,0,0,132
1585937114566,0.000000,0,0,132
1585937115217,0.000000,0,0,132
1585937115894,0.000000,0,0,132
1585937116558,0.000000,0,0,132
1585937117243,0.000000,0,0,132
1585937117900,0.000000,0,0,132
1585937118556,0.000000,0,0,132
1585937119298,0.000000,0,0,132
1585937120037,0.000000,0,0,132
1585937120712,0.000000,0,0,132
1585937121378,0.000000,0,0,132
1585937122130,0.000000,0,0,132
1585937122832,0.000000,0,0,132
1585937123501,0.000000,0,0,132
1585937124241,0.000000,0,0,132
1585937124890,0.000000,0,0,132
1585937125606,0.000000,0,0,132
1585937126318,0.000000,0,0,132
1585937127001,0.000000,0,0,132
1585937127634,0.000000,0,0,132
1585937128312,0.000000,0,0,132
1585937129007,0.000000,0,0,132
1585937129691,0.000000,0,0,132
1585937130395,0.000000,0,0,132
1585937131063,0.000000,0,0,132
1585937131790,0.000000,0,0,132
1585937132446,0.000000,0,0,132
1585937133150,0.000000,0,0,132
1585937133852,0.000000,0,0,132
1585937134555,0.000000,0,0,132
1585937135234,0.000000,0,0,132
1585937135884,0.000000,0,0,132
1585937136569,0.000000,0,0,132
1585937137290,0.000000,0,0,132
1585937138006,0.000000,0,0,132
1585937138690,0.000000,0,0,132
1585937139390,0.000000,0,0,132
1585937140198,0.000000,0,0,132
1585937140853,0.000000,0,0,132
1585937141603,0.000000,0,0,132
1585937142325,0.000000,0,0,132
1585937143097,0.000000,0,0,132
1585937143740,0.000000,0,0,132
1585937144399,0.000000,0,0,132
1585937145097,0.000000,0,0,132
1585937145739,0.000000,0,0,132
1585937146498,0.000000,0,0,132
1585937147224,0.000000,0,0,132
1585937147919,0.000000,0,0,132
1585937148660,0.000000,0,0,132
1585937149329,0.000000,0,0,132
1585937149962,0.000000,0,0,132
1585937150670,0.000000,0,0,132
1585937151365,0.000000,0,0,132
1585937152082,0.000000,0,0,132
1585937152797,0.000000,0,0,132
1585937153465,0.000000,0,0,132
1585937154178,0.000000,0,0,132
1585937154846,0.000000,0,0,132
1585937155492,0.000000,0,0,132
1585937156186,0.000000,0,0,132
1585937156833,0.000000,0,0,132
1585937157504,0.000000,0,0,132
1585937158255,0.000000,0,0,132
1585937158920,0.000000,0,0,132
1585937159627,0.000000,0,0,132
1585937160354,0.000000,0,0,132
1585937161006,0.000000,0,0,132
1585937161698,0.000000,0,0,132
1585937162410,0.000000,0,0,132
1585937163059,0.000000,0,0,132
1585937163759,0.000000,0,0,132
1585937164520,0.000000,0,0,132
1585937165176,0.000000,0,0,132
1585937165821,0.000000,0,0,132
1585937166453,0.000000,0,0,132
1585937167127,0.000000,0,0,132
1585937167813,0.000000,0,0,132
1585937168487,0.000000,0,0,132
1585937169284,0.000000,0,0,132
1585937169946,0.000000,0,0,132
1585937170624,0.000000,0,0,132
1585937171352,0.000000,0,0,132
1585937172065,0.000000,0,0,132
1585937172718,0.000000,0,0,132
1585937173447,0.000000,0,0,132
1585937174198,0.000000,0,0,132
1585937174860,0.000000,0,0,132
1585937175540,0.000000,0,0,132
1585937176246,0.000000,0,0,132
1585937176934,0.000000,0,0,132
1585937177656,0.000000,0,0,132
1585937178427,0.000000,0,0,132
1585937179106,0.000000,0,0,132
1585937179823,0.000000,0,0,132
1585937180512,0.000000,0,0,132
1585937181236,0.000000,0,0,132
1585937181917,0.000000,0,0,132
1585937182565,0.000000,0,0,132
1585937183232,0.000000,0,0,132
1585937183882,0.000000,0,0,132
1585937184650,0.000000,0,0,132
1585937185320,0.000000,0,0,132
1585937185999,0.000000,0,0,132
1585937186705,0.000000,0,0,132
1585937187388,0.000000,0,0,132
1585937188051,0.000000,0,0,132
1585937188799,0.000000,0,0,132
1585937189467,0.000000,0,0,132
1585937190160,0.000000,0,0,132
1585937190791,0.000000,0,0,132
1585937191474,0.000000,0,0,132
1585937192142,0.000000,0,0,132
1585937192913,0.000000,0,0,132
1585937193647,0.000000,0,0,132
1585937194341,0.000000,0,0,132
1585937195038,0.000000,0,0,132
1585937195745,0.000000,0,0,132
1585937196493,0.000000,0,0,132
1585937197179,0.000000,0,0,132
1585937197905,0.000000,0,0,132
1585937198675,0.000000,0,0,132
1585937199385,0.000000,0,0,132
1585937200073,0.000000,0,0,132
1585937200752,0.000000,0,0,132
1585937201488,0.000000,0,0,132
1585937202136,0.000000,0,0,132
1585937202879,0.000000,0,0,132
1585937203563,0.000000,0,0,132
1585937204343,0.000000,0,0,132
1585937205005,0.000000,0,0,132
1585937205757,0.000000,0,0,132
1585937206402,0.000000,0,0,132
1585937207056,0.000000,0,0,132
1585937207755,0.000000,0,0,132
1585937208430,0.000000,0,0,132
1585937209148,0.000000,0,0,132
1585937209885,0.000000,0,0,132
1585937210610,0.000000,0,0,132
1585937211260,0.000000,0,0,132
1585937212025,0.000000,0,0,132
1585937212744,0.000000,0,0,132
1585937213411,0.000000,0,0,132
1585937214114,0.000000,0,0,132
1585937214797,0.000000,0,0,132
1585937215529,0.000000,0,0,132
1585937216180,0.000000,0,0,132
1585937216850,0.000000,0,0,132
1585937217514,0.000000,0,0,132
1585937218205,0.000000,0,0,132
1585937218898,0.000000,0,0,132
1585937219561,0.000000,0,0,132
1585937220236,0.000000,0,0,132
1585937220936,0.000000,0,0,132
1585937221721,0.000000,0,0,132
1585937222460,0.000000,0,0,132
1585937223133,0.000000,0,0,132
1585937223862,0.000000,0,0,132
1585937224529,0.000000,0,0,132
1585937225221,0.000000,0,0,132
1585937225878,0.000000,0,0,132
1585937226534,0.000000,0,0,132
1585937227215,0.000000,0,0,132
1585937227852,0.000000,0,0,132
1585937228575,0.000000,0,0,132
1585937229249,0.000000,0,0,132
1585937229904,0.000000,0,0,132
1585937230544,0.000000,0,0,132
1585937231214,0.000000,0,0,132
1585937231954,0.000000,0,0,132
1585937232678,0.000000,0,0,132
1585937233321,0.000000,0,0,132
1585937234024,0.000000,0,0,132
1585937234789,0.000000,0,0,132
1585937235530,0.000000,0,0,132
1585937236217,0.000000,0,0,132
1585937236889,0.000000,0,0,132
1585937237544,0.000000,0,0,132
1585937238238,0.000000,0,0,132
1585937239017,0.000000,0,0,132
1585937239707,0.000000,0,0,132
1585937240369,0.000000,0,0,132
1585937240993,0.000000,0,0,132
1585937241712,0.000000,0,0,132
1585937242453,0.000000,0,0,132
1585937243126,0.000000,0,0,132
1585937243852,0.000000,0,0,132
1585937244523,0.000000,0,0,132
1585937245199,0.000000,0,0,132
1585937245843,0.000000,0,0,132
1585937246509,0.000000,0,0,132
1585937247201,0.000000,0,0,132
1585937247851,0.000000,0,0,132
1585937248571,0.000000,0,0,132
1585937249327,0.000000,0,0,132
1585937250062,0.000000,0,0,132
1585937250790,0.000000,0,0,132
1585937251446,0.000000,0,0,132
1585937252104,0.000000,0,0,132
1585937252839,0.000000,0,0,132
1585937253477,0.000000,0,0,132
1585937254248,0.000000,0,0,132
1585937255024,0.000000,0,0,132
1585937255717,0.000000,0,0,132
1585937256362,0.000000,0,0,132
1585937257100,0.000000,0,0,132
1585937257736,0.000000,0,0,132
1585937258410,0.000000,0,0,132
1585937259159,0.000000,0,0,132
1585937259817,0.000000,0,0,132
1585937260504,0.000000,0,0,132
1585937261149,0.000000,0,0,132
1585937261821,0.000000,0,0,132
1585937262468,0.000000,0,0,132
1585937263120,0.000000,0,0,132
1585937263806,0.000000,0,0,132
1585937264485,0.000000,0,0,132
1585937265181,0.000000,0,0,132
1585937265819,0.000000,0,0,132
1585937266502,0.000000,0,0,132
1585937267176,0.000000,0,0,132
1585937267815,0.000000,0,0,132
1585937268514,0.000000,0,0,132
1585937269191,0.000000,0,0,132
1585937269889,0.000000,0,0,132
1585937270568,0.000000,0,0,132
1585937271355,0.000000,0,0,132
1585937272034,0.000000,0,0,132
1585937272684,0.000000,0,0,132
1585937273412,0.000000,0,0,132
1585937274073,0.000000,0,0,132
1585937274834,0.000000,0,0,132
1585937275485,0.000000,0,0,132
1585937276137,0.000000,0,0,132
1585937276777,0.000000,0,0,132
1585937277419,0.000000,0,0,132
1585937278148,0.000000,0,0,132
1585937278815,0.000000,0,0,132
1585937279469,0.000000,0,0,132
1585937280181,0.000000,0,0,132
1585937280865,0.000000,0,0,132
1585937281533,0.000000,0,0,132
1585937282220,0.000000,0,0,132
1585937282957,0.000000,0,0,132
1585937283653,0.000000,0,0,132
1585937284424,0.000000,0,0,132
1585937285061,0.000000,0,0,132
1585937285723,0.000000,0,0,132
1585937286361,0.000000,0,0,132
1585937287053,0.000000,0,0,132
1585937287713,0.000000,0,0,132
1585937288514,0.000000,0,0,132
1585937289263,0.000000,0,0,132
1585937289976,0.000000,0,0,132
1585937290651,0.000000,0,0,132
1585937291404,0.000000,0,0,132
1585937292106,0.000000,0,0,132
1585937292742,0.000000,0,0,132
1585937293479,0.000000,0,0,132
1585937294263,0.000000,0,0,132
1585937294896,0.000000,0,0,132
1585937295535,0.000000,0,0,132
1585937296208,0.000000,0,0,132
1585937296852,0.000000,0,0,132
1585937297522,0.000000,0,0,132
1585937298310,0.000000,0,0,132
1585937298980,0.000000,0,0,132
1585937299681,0.000000,0,0,132
1585937300365,0.000000,0,0,132
1585937300996,0.000000,0,0,132
1585937301688,0.000000,0,0,132
1585937302369,0.000000,0,0,132
1585937303149,0.000000,0,0,132
1585937303806,0.000000,0,0,132
1585937304477,0.000000,0,0,132
1585937305227,0.000000,0,0,132
1585937305875,0.000000,0,0,132
1585937306578,0.000000,0,0,132
1585937307210,0.000000,0,0,132
1585937307854,0.000000,0,0,132
1585937308542,0.000000,0,0,132
1585937309203,0.000000,0,0,132
1585937309857,0.000000,0,0,132
1585937310540,0.000000,0,0,132
1585937311207,0.000000,0,0,132
1585937311862,0.000000,0,0,132
1585937312601,0.000000,0,0,132
1585937313258,0.000000,0,0,132
1585937313893,0.000000,0,0,132
1585937314536,0.000000,0,0,132
1585937315228,0.000000,0,0,132
1585937315904,0.000000,0,0,132
1585937316552,0.000000,0,0,132
1585937317215,0.000000,0,0,132
1585937317884,0.000000,0,0,132
1585937318656,0.000000,0,0,132
1585937319302,0.000000,0,0,132
1585937319950,0.000000,0,0,132
1585937320668,0.000000,0,0,132
1585937321342,0.000000,0,0,132
1585937322009,0.000000,0,0,132
1585937322704,0.000000,0,0,132
1585937323341,0.000000,0,0,132
1585937323996,0.000000,0,0,132
1585937324687,0.000000,0,0,132
1585937325353,0.000000,0,0,132
1585937326013,0.000000,0,0,132
1585937326744,0.000000,0,0,132
1585937327482,0.000000,0,0,132
1585937328128,0.000000,0,0,132
1585937328862,0.000000,0,0,132
1585937329626,0.000000,0,0,132
1585937330317,0.000000,0,0,132
1585937330966,0.000000,0,0,132
1585937331717,0.000000,0,0,132
1585937332387,0.000000,0,0,132
1585937333052,0.000000,0,0,132
1585937333760,0.000000,0,0,132
1585937334440,0.000000,0,0,132
1585937335078,0.000000,0,0,132
1585937335792,0.000000,0,0,132
1585937336499,0.000000,0,0,132
1585937337256,0.000000,0,0,132
1585937338024,0.000000,0,0,132
1585937338725,0.000000,0,0,132
1585937339451,0.000000,0,0,132
1585937340109,0.000000,0,0,132
1585937340816,0.000000,0,0,132
1585937341514,0.000000,0,0,132
1585937342248,0.000000,0,0,132
1585937342953,0.000000,0,0,132
1585937343678,0.000000,0,0,132
1585937344379,0.000000,0,0,132
1585937345096,0.000000,0,0,132
1585937345796,0.000000,0,0,132
1585937346499,0.000000,0,0,132
1585937347175,0.000000,0,0,132
1585937347822,0.000000,0,0,132
1585937348560,0.000000,0,0,132
1585937349306,0.000000,0,0,132
1585937350024,0.000000,0,0,132
1585937350691,0.000000,0,0,132
1585937351348,0.000000,0,0,132
1585937352057,0.000000,0,0,132
1585937352866,0.000000,0,0,132
1585937353550,0.000000,0,0,132
1585937354292,0.000000,0,0,132
1585937355030,0.000000,0,0,132
1585937355708,0.000000,0,0,132
1585937356440,0.000000,0,0,132
1585937357146,0.000000,0,0,132
1585937357878,0.000000,0,0,132
1585937358585,0.000000,0,0,132
1585937359214,0.000000,0,0,132
1585937359853,0.000000,0,0,132
1585937360503,0.000000,0,0,132
1585937361146,0.000000,0,0,132
1585937361842,0.000000,0,0,132
1585937362479,0.000000,0,0,132
1585937363158,0.000000,0,0,132
1585937363843,0.000000,0,0,132
1585937364483,0.000000,0,0,132
1585937365164,0.000000,0,0,132
1585937365798,0.000000,0,0,132
1585937366571,0.000000,0,0,132
1585937367229,0.000000,0,0,132
1585937367909,0.000000,0,0,132
1585937368554,0.000000,0,0,132
1585937369231,0.000000,0,0,132
1585937369884,0.000000,0,0,132
1585937370513,0.000000,0,0,132
1585937371199,0.000000,0,0,132
1585937371900,0.000000,0,0,132
1585937372535,0.000000,0,0,132
1585937373191,0.000000,0,0,132
1585937373959,0.000000,0,0,132
1585937374670,0.000000,0,0,132
1585937375306,0.000000,0,0,132
1585937376002,0.000000,0,0,132
1585937376700,0.000000,0,0,132
1585937377336,0.000000,0,0,132
1585937378029,0.000000,0,0,132
1585937378801,0.000000,0,0,132
1585937379529,0.000000,0,0,132
1585937380187,0.000000,0,0,132
1585937380818,0.000000,0,0,132
1585937381549,0.000000,0,0,132
1585937382273,0.000000,0,0,132
1585937382940,0.000000,0,0,132
1585937383706,0.000000,0,0,132
1585937384344,0.000000,0,0,132
1585937385055,0.000000,0,0,132
1585937385784,0.000000,0,0,132
1585937386435,0.000000,0,0,132
1585937387131,0.000000,0,0,132
1585937387841,0.000000,0,0,132
1585937388533,0.000000,0,0,132
1585937389286,0.000000,0,0,132
1585937389923,0.000000,0,0,132
1585937390608,0.000000,0,0,132
1585937391243,0.000000,0,0,132
1585937391920,0.000000,0,0,132
1585937392571,0.000000,0,0,132
1585937393281,0.000000,0,0,132
1585937394021,0.000000,0,0,132
1585937394742,0.000000,0,0,132
1585937395404,0.000000,0,0,132
1585937396117,0.000000,0,0,132
1585937396863,0.000000,0,0,132
1585937397565,0.000000,0,0,132
1585937398234,0.000000,0,0,132
1585937398901,0.000000,0,0,132
1585937399643,0.000000,0,0,132
1585937400353,0.000000,0,0,132
1585937401107,0.000000,0,0,132
1585937401787,0.000000,0,0,132
1585937402490,0.000000,0,0,132
1585937403192,0.000000,0,0,132
1585937403852,0.000000,0,0,132
1585937404549,0.000000,0,0,132
1585937405249,0.000000,0,0,132
1585937405879,0.000000,0,0,132
1585937406525,0.000000,0,0,132
1585937407258,0.000000,0,0,132
1585937407986,0.000000,0,0,132
1585937408679,0.000000,0,0,132
1585937409361,0.000000,0,0,132
1585937410076,0.000000,0,0,132
1585937410716,0.000000,0,0,132
1585937411446,0.000000,0,0,132
1585937412103,0.000000,0,0,132
1585937412796,0.000000,0,0,132
1585937413505,0.000000,0,0,132
1585937414199,0.000000,0,0,132
1585937414912,0.000000,0,0,132
1585937415599,0.000000,0,0,132
1585937416308,0.000000,0,0,132
1585937417013,0.000000,0,0,132
1585937417749,0.000000,0,0,132
1585937418466,0.000000,0,0,132
1585937419165,0.000000,0,0,132
1585937419870,0.000000,0,0,132
1585937420567,0.000000,0,0,132
1585937421348,0.000000,0,0,132
1585937421994,0.000000,0,0,132
1585937422708,0.000000,0,0,132
1585937423393,0.000000,0,0,132
1585937424081,0.000000,0,0,132
1585937424790,0.000000,0,0,132
1585937425496,0.000000,0,0,132
1585937426174,0.000000,0,0,132
1585937426823,0.000000,0,0,132
1585937427512,0.000000,0,0,132
1585937428209,0.000000,0,0,132
1585937428885,0.000000,0,0,132
1585937429569,0.000000,0,0,132
1585937430297,0.000000,0,0,132
1585937431076,0.000000,0,0,132
1585937431940,0.000000,0,0,132
1585937432623,0.000000,0,0,132
1585937433468,0.000000,0,0,132
1585937434212,0.000000,0,0,132
1585937434885,0.000000,0,0,132
1585937435531,0.000000,0,0,132
1585937436212,0.000000,0,0,132
1585937437072,0.000000,0,0,132
1585937437697,0.000000,0,0,132
1585937438411,0.000000,0,0,132
1585937439182,0.000000,0,0,132
1585937439886,0.000000,0,0,132
1585937440520,0.000000,0,0,132
1585937441332,0.000000,0,0,132
1585937442008,0.000000,0,0,132
1585937442677,0.000000,0,0,132
1585937443351,0.000000,0,0,132
1585937444019,0.000000,0,0,132
1585937444655,0.000000,0,0,132
1585937445415,0.000000,0,0,132
1585937446110,0.000000,0,0,132
1585937446768,0.000000,0,0,132
1585937447511,0.000000,0,0,132
1585937448188,0.000000,0,0,132
1585937448828,0.000000,0,0,132
1585937449527,0.000000,0,0,132
1585937450310,0.000000,0,0,132
1585937450985,0.000000,0,0,132
1585937451673,0.000000,0,0,132
1585937452365,0.000000,0,0,132
1585937453037,0.000000,0,0,132
1585937453700,0.000000,0,0,132
1585937454391,0.000000,0,0,132
1585937455046,0.000000,0,0,132
1585937455760,0.000000,0,0,132
1585937456517,0.000000,0,0,132
1585937457234,0.000000,0,0,132
1585937457862,0.000000,0,0,132
1585937458595,0.000000,0,0,132
1585937459269,0.000000,0,0,132
1585937460010,0.000000,0,0,132
1585937460679,0.000000,0,0,132
1585937461411,0.000000,0,0,132
1585937462111,0.000000,0,0,132
1585937462847,0.000000,0,0,132
1585937463559,0.000000,0,0,132
1585937464278,0.000000,0,0,132
1585937464936,0.000000,0,0,132
1585937465658,0.000000,0,0,132
1585937466394,0.000000,0,0,132
1585937467069,0.000000,0,0,132
1585937467718,0.000000,0,0,132
1585937468420,0.000000,0,0,132
1585937469107,0.000000,0,0,132
1585937469787,0.000000,0,0,132
1585937470445,0.000000,0,0,132
1585937471144,0.000000,0,0,132
1585937471866,0.000000,0,0,132
1585937472527,0.000000,0,0,132
1585937473214,0.000000,0,0,132
1585937473894,0.000000,0,0,132
1585937474631,0.000000,0,0,132
1585937475308,0.000000,0,0,132
1585937475982,0.000000,0,0,132
1585937476767,0.000000,0,0,132
1585937477495,0.000000,0,0,132
1585937478142,0.000000,0,0,132
1585937478838,0.000000,0,0,132
1585937479535,0.000000,0,0,132
1585937480300,0.000000,0,0,132
1585937480954,0.000000,0,0,132
1585937481599,0.000000,0,0,132
1585937482330,0.000000,0,0,132
1585937483002,0.000000,0,0,132
1585937483719,0.000000,0,0,132
1585937484456,0.000000,0,0,132
1585937485100,0.000000,0,0,132
1585937485755,0.000000,0,0,132
1585937486450,0.000000,0,0,132
1585937487092,0.000000,0,0,132
1585937487728,0.000000,0,0,132
1585937488430,0.000000,0,0,132
1585937489082,0.000000,0,0,132
1585937489713,0.000000,0,0,132
1585937490372,0.000000,0,0,132
1585937491060,0.000000,0,0,132
1585937491729,0.000000,0,0,132
1585937492465,0.000000,0,0,132
1585937493129,0.000000,0,0,132
1585937493802,0.000000,0,0,132
1585937494579,0.000000,0,0,132
1585937495264,0.000000,0,0,132
1585937495989,0.000000,0,0,132
1585937496717,0.000000,0,0,132
1585937497476,0.000000,0,0,132
1585937498129,0.000000,0,0,132
1585937498816,0.000000,0,0,132
1585937499458,0.000000,0,0,132
1585937500122,0.000000,0,0,132
1585937500797,0.000000,0,0,132
1585937501458,0.000000,0,0,132
1585937502112,0.000000,0,0,132
1585937502868,0.000000,0,0,132
1585937503532,0.000000,0,0,132
1585937504220,0.000000,0,0,132
1585937504890,0.000000,0,0,132
1585937505574,0.000000,0,0,132
1585937506308,0.000000,0,0,132
1585937506947,0.000000,0,0,132
1585937507665,0.000000,0,0,132
1585937508309,0.000000,0,0,132
1585937509011,0.000000,0,0,132
1585937509692,0.000000,0,0,132
1585937510414,0.000000,0,0,132
1585937511093,0.000000,0,0,132
1585937511796,0.000000,0,0,132
1585937512643,0.000000,0,0,132
1585937513362,0.000000,0,0,132
1585937514078,0.000000,0,0,132
1585937514704,0.000000,0,0,132
1585937515412,0.000000,0,0,132
1585937516092,0.000000,0,0,132
1585937516796,0.000000,0,0,132
1585937517509,0.000000,0,0,132
1585937518191,0.000000,0,0,132
1585937518911,0.000000,0,0,132
1585937519722,0.000000,0,0,132
1585937520452,0.000000,0,0,132
1585937521135,0.000000,0,0,132
1585937521824,0.000000,0,0,132
1585937522550,0.000000,0,0,132
1585937523246,0.000000,0,0,132
1585937523984,0.000000,0,0,132
1585937524702,0.000000,0,0,132
1585937525405,0.000000,0,0,132
1585937526052,0.000000,0,0,132
1585937526750,0.000000,0,0,132
1585937527493,0.000000,0,0,132
1585937528150,0.000000,0,0,132
1585937528864,0.000000,0,0,132
1585937529526,0.000000,0,0,132
1585937530203,0.000000,0,0,132
1585937530848,0.000000,0,0,132
1585937531709,0.000000,0,0,132
1585937532358,0.000000,0,0,132
1585937533045,0.000000,0,0,132
1585937533807,0.000000,0,0,132
1585937534452,0.000000,0,0,132
1585937535190,0.000000,0,0,132
1585937535850,0.000000,0,0,132
1585937536555,0.000000,0,0,132
1585937537269,0.000000,0,0,132
1585937537960,0.000000,0,0,132
1585937538729,0.000000,0,0,132
1585937539387,0.000000,0,0,132
1585937540110,0.000000,0,0,132
1585937540851,0.000000,0,0,132
1585937541507,0.000000,0,0,132
1585937542284,0.000000,0,0,132
1585937543061,0.000000,0,0,132
1585937543698,0.000000,0,0,132
1585937544398,0.000000,0,0,132
1585937545197,0.000000,0,0,132
1585937545903,0.000000,0,0,132
1585937546716,0.000000,0,0,132
1585937547414,0.000000,0,0,132
1585937548082,0.000000,0,0,132
1585937548750,0.000000,0,0,132
1585937549397,0.000000,0,0,132
1585937550044,0.000000,0,0,132
1585937550747,0.000000,0,0,132
1585937551421,0.000000,0,0,132
1585937552104,0.000000,0,0,132
1585937552737,0.000000,0,0,132
1585937553452,0.000000,0,0,132
1585937554138,0.000000,0,0,132
1585937554802,0.000000,0,0,132
1585937555456,0.000000,0,0,132
1585937556196,0.000000,0,0,132
1585937556885,0.000000,0,0,132
1585937557554,0.000000,0,0,132
1585937558225,0.000000,0,0,132
1585937559033,0.000000,0,0,132
1585937559748,0.000000,0,0,132
1585937560407,0.000000,0,0,132
1585937561101,0.000000,0,0,132
1585937561810,0.000000,0,0,132
1585937562464,0.000000,0,0,132
1585937563123,0.000000,0,0,132
1585937563765,0.000000,0,0,132
1585937564408,0.000000,0,0,132
1585937565127,0.000000,0,0,132
1585937565786,0.000000,0,0,132
1585937566490,0.000000,0,0,132
1585937567241,0.000000,0,0,132
1585937567889,0.000000,0,0,132
1585937568548,0.000000,0,0,132
1585937569269,0.000000,0,0,132
1585937569949,0.000000,0,0,132
1585937570590,0.000000,0,0,132
1585937571320,0.000000,0,0,132
1585937572016,0.000000,0,0,132
1585937572668,0.000000,0,0,132
1585937573378,0.000000,0,0,132
1585937574053,0.000000,0,0,132
1585937574792,0.000000,0,0,132
1585937575474,0.000000,0,0,132
1585937576180,0.000000,0,0,132
1585937576902,0.000000,0,0,132
1585937577600,0.000000,0,0,132
1585937578256,0.000000,0,0,132
1585937578959,0.000000,0,0,132
1585937579650,0.000000,0,0,132
1585937580427,0.000000,0,0,132
1585937581081,0.000000,0,0,132
1585937581734,0.000000,0,0,132
1585937582394,0.000000,0,0,132
1585937583151,0.000000,0,0,132
1585937583820,0.000000,0,0,132
1585937584470,0.000000,0,0,132
1585937585156,0.000000,0,0,132
1585937585855,0.000000,0,0,132
1585937586501,0.000000,0,0,132
1585937587145,0.000000,0,0,132
1585937587784,0.000000,0,0,132
1585937588516,0.000000,0,0,132
1585937589159,0.000000,0,0,132
1585937589848,0.000000,0,0,132
1585937590556,0.000000,0,0,132
1585937591227,0.000000,0,0,132
1585937591913,0.000000,0,0,132
1585937592601,0.000000,0,0,132
1585937593291,0.000000,0,0,132
1585937594067,0.000000,0,0,132
1585937594764,0.000000,0,0,132
1585937595444,0.000000,0,0,132
1585937596254,0.000000,0,0,132
1585937597036,0.000000,0,0,132
1585937597766,0.000000,0,0,132
1585937598562,0.000000,0,0,132
1585937599291,0.000000,0,0,132
1585937599974,0.000000,0,0,132
1585937600648,0.000000,0,0,132
1585937601340,0.000000,0,0,132
1585937602017,0.000000,0,0,132
1585937602694,0.000000,0,0,132
1585937603540,0.000000,0,0,132
1585937604337,0.000000,0,0,132
1585937605051,0.000000,0,0,132
1585937605702,0.000000,0,0,132
1585937606337,0.000000,0,0,132
1585937607019,0.000000,0,0,132
1585937607751,0.000000,0,0,132
1585937608535,0.000000,0,0,132
1585937609194,0.000000,0,0,132
1585937609840,0.000000,0,0,132
1585937610509,0.000000,0,0,132
1585937611158,0.000000,0,0,132
1585937611854,0.000000,0,0,132
1585937612507,0.000000,0,0,132
1585937613217,0.000000,0,0,132
1585937613879,0.000000,0,0,132
1585937614559,0.000000,0,0,132
1585937615247,0.000000,0,0,132
1585937615893,0.000000,0,0,132
1585937616586,0.000000,0,0,132
1585937617233,0.000000,0,0,132
1585937617909,0.000000,0,0,132
1585937618602,0.000000,0,0,132
1585937619351,0.000000,0,0,132
1585937619983,0.000000,0,0,132
1585937620680,0.000000,0,0,132
1585937621374,0.000000,0,0,132
1585937622141,0.000000,0,0,132
1585937622818,0.000000,0,0,132
1585937623467,0.000000,0,0,132
1585937624102,0.000000,0,0,132
1585937624793,0.000000,0,0,132
1585937625461,0.000000,0,0,132
1585937626126,0.000000,0,0,132
1585937626878,0.000000,0,0,132
1585937627629,0.000000,0,0,132
1585937628307,0.000000,0,0,132
1585937629001,0.000000,0,0,132
1585937629753,0.000000,0,0,132
1585937630477,0.000000,0,0,132
1585937631216,0.000000,0,0,132
1585937631920,0.000000,0,0,132
1585937632572,0.000000,0,0,132
1585937633283,0.000000,0,0,132
1585937633955,0.000000,0,0,132
1585937634599,0.000000,0,0,132
1585937635292,0.000000,0,0,132
1585937636022,0.000000,0,0,132
1585937636739,0.000000,0,0,132
1585937637501,0.000000,0,0,132
1585937638201,0.000000,0,0,132
1585937638856,0.000000,0,0,132
1585937639519,0.000000,0,0,132
1585937640177,0.000000,0,0,132
1585937640917,0.000000,0,0,132
1585937641675,0.000000,0,0,132
1585937642380,0.000000,0,0,132
1585937643066,0.000000,0,0,132
1585937643793,0.000000,0,0,132
1585937644454,0.000000,0,0,132
1585937645151,0.000000,0,0,132
1585937645895,0.000000,0,0,132
1585937646640,0.000000,0,0,132
1585937647367,0.000000,0,0,132
1585937648065,0.000000,0,0,132
1585937648722,0.000000,0,0,132
1585937649489,0.000000,0,0,132
1585937650131,0.000000,0,0,132
1585937650806,0.000000,0,0,132
1585937651578,0.000000,0,0,132
1585937652261,0.000000,0,0,132
1585937653007,0.000000,0,0,132
1585937653738,0.000000,0,0,132
1585937654462,0.000000,0,0,132
1585937655176,0.000000,0,0,132
1585937655859,0.000000,0,0,132
1585937656534,0.000000,0,0,132
1585937657187,0.000000,0,0,132
1585937657930,0.000000,0,0,132
1585937658593,0.000000,0,0,132
1585937659233,0.000000,0,0,132
1585937659933,0.000000,0,0,132
1585937660607,0.000000,0,0,132
1585937661240,0.000000,0,0,132
1585937661949,0.000000,0,0,132
1585937662686,0.000000,0,0,132
1585937663384,0.000000,0,0,132
1585937664075,0.000000,0,0,132
1585937664736,0.000000,0,0,132
1585937665413,0.000000,0,0,132
1585937666110,0.000000,0,0,132
1585937666823,0.000000,0,0,132
1585937667661,0.000000,0,0,132
1585937668313,0.000000,0,0,132
1585937668982,0.000000,0,0,132
1585937669668,0.000000,0,0,132
1585937670296,0.000000,0,0,132
1585937670980,0.000000,0,0,132
1585937671712,0.000000,0,0,132
1585937672356,0.000000,0,0,132
1585937673008,0.000000,0,0,132
1585937673762,0.000000,0,0,132
1585937674522,0.000000,0,0,132
1585937675168,0.000000,0,0,132
1585937675858,0.000000,0,0,132
1585937676517,0.000000,0,0,132
1585937677204,0.000000,0,0,132
1585937677887,0.000000,0,0,132
1585937678640,0.000000,0,0,132
1585937679364,0.000000,0,0,132
1585937680035,0.000000,0,0,132
1585937680735,0.000000,0,0,132
1585937681423,0.000000,0,0,132
1585937682181,0.000000,0,0,132
1585937682837,0.000000,0,0,132
1585937683542,0.000000,0,0,132
1585937684230,0.000000,0,0,132
1585937684916,0.000000,0,0,132
1585937685588,0.000000,0,0,132
1585937686323,0.000000,0,0,132
1585937687026,0.000000,0,0,132
1585937687819,0.000000,0,0,132
1585937688485,0.000000,0,0,132
1585937689180,0.000000,0,0,132
1585937689870,0.000000,0,0,132
1585937690588,0.000000,0,0,132
1585937691321,0.000000,0,0,132
1585937691997,0.000000,0,0,132
1585937692739,0.000000,0,0,132
1585937693457,0.000000,0,0,132
1585937694142,0.000000,0,0,132
1585937694805,0.000000,0,0,132
1585937695467,0.000000,0,0,132
1585937696127,0.000000,0,0,132
1585937696821,0.000000,0,0,132
1585937697479,0.000000,0,0,132
1585937698220,0.000000,0,0,132
1585937698928,0.000000,0,0,132
1585937699644,0.000000,0,0,132
1585937700318,0.000000,0,0,132
1585937700996,0.000000,0,0,132
1585937701715,0.000000,0,0,132
1585937702408,0.000000,0,0,132
1585937703046,0.000000,0,0,132
1585937703834,0.000000,0,0,132
1585937704497,0.000000,0,0,132
1585937705216,0.000000,0,0,132
1585937705862,0.000000,0,0,132
1585937706587,0.000000,0,0,132
1585937707299,0.000000,0,0,132
1585937707968,0.000000,0,0,132
1585937708732,0.000000,0,0,132
1585937709464,0.000000,0,0,132
1585937710199,0.000000,0,0,132
1585937710944,0.000000,0,0,132
1585937711608,0.000000,0,0,132
1585937712347,0.000000,0,0,132
1585937713034,0.000000,0,0,132
1585937713727,0.000000,0,0,132
1585937714406,0.000000,0,0,132
1585937715107,0.000000,0,0,132
1585937715781,0.000000,0,0,132
1585937716445,0.000000,0,0,132
1585937717126,0.000000,0,0,132
1585937717776,0.000000,0,0,132
1585937718468,0.000000,0,0,132
1585937719121,0.000000,0,0,132
1585937719866,0.000000,0,0,132
1585937720531,0.000000,0,0,132
1585937721192,0.000000,0,0,132
1585937721851,0.000000,0,0,132
1585937722487,0.000000,0,0,132
1585937723145,0.000000,0,0,132
1585937723799,0.000000,0,0,132
1585937724477,0.000000,0,0,132
1585937725154,0.000000,0,0,132
1585937725851,0.000000,0,0,132
1585937726576,0.000000,0,0,132
1585937727226,0.000000,0,0,132
1585937727921,0.000000,0,0,132
1585937728617,0.000000,0,0,132
1585937729369,0.000000,0,0,132
1585937730113,0.000000,0,0,132
1585937730782,0.000000,0,0,132
1585937731465,0.000000,0,0,132
1585937732180,0.000000,0,0,132
1585937732850,0.000000,0,0,132
1585937733534,0.000000,0,0,132
1585937734205,0.000000,0,0,132
1585937734895,0.000000,0,0,132
1585937735672,0.000000,0,0,132
1585937736407,0.000000,0,0,132
1585937737043,0.000000,0,0,132
1585937737748,0.000000,0,0,132
1585937738436,0.000000,0,0,132
1585937739093,0.000000,0,0,132
1585937739736,0.000000,0,0,132
1585937740390,0.000000,0,0,132
1585937741116,0.000000,0,0,132
1585937741758,0.000000,0,0,132
1585937742525,0.000000,0,0,132
1585937743165,0.000000,0,0,132
1585937743828,0.000000,0,0,132
1585937744505,0.000000,0,0,132
1585937745194,0.000000,0,0,132
1585937745871,0.000000,0,0,132
1585937746526,0.000000,0,0,132
1585937747265,0.000000,0,0,132
1585937747923,0.000000,0,0,132
1585937748647,0.000000,0,0,132
1585937749450,0.000000,0,0,132
1585937750121,0.000000,0,0,132
1585937750792,0.000000,0,0,132
1585937751449,0.000000,0,0,132
1585937752139,0.000000,0,0,132
1585937752786,0.000000,0,0,132
1585937753571,0.000000,0,0,132
1585937754252,0.000000,0,0,132
1585937754905,0.000000,0,0,132
1585937755578,0.000000,0,0,132
1585937756238,0.000000,0,0,132
1585937756881,0.000000,0,0,132
1585937757562,0.000000,0,0,132
1585937758208,0.000000,0,0,132
1585937758878,0.000000,0,0,132
1585937759565,0.000000,0,0,132
1585937760266,0.000000,0,0,132
1585937760986,0.000000,0,0,132
1585937761681,0.000000,0,0,132
1585937762358,0.000000,0,0,132
1585937763090,0.000000,0,0,132
1585937763797,0.000000,0,0,132
1585937764514,0.000000,0,0,132
1585937765159,0.000000,0,0,132
1585937765805,0.000000,0,0,132
1585937766499,0.000000,0,0,132
1585937767217,0.000000,0,0,132
1585937767918,0.000000,0,0,132
1585937768579,0.000000,0,0,132
1585937769251,0.000000,0,0,132
1585937769939,0.000000,0,0,132
1585937770642,0.000000,0,0,132
1585937771325,0.000000,0,0,132
1585937771980,0.000000,0,0,132
1585937772633,0.000000,0,0,132
1585937773329,0.000000,0,0,132
1585937773970,0.000000,0,0,132
1585937774757,0.000000,0,0,132
1585937775471,0.000000,0,0,132
1585937776156,0.000000,0,0,132
1585937776875,0.000000,0,0,132
1585937777623,0.000000,0,0,132
1585937778314,0.000000,0,0,132
1585937779035,0.000000,0,0,132
1585937779796,0.000000,0,0,132
1585937780514,0.000000,0,0,132
1585937781193,0.000000,0,0,132
1585937781938,0.000000,0,0,132
1585937782625,0.000000,0,0,132
1585937783345,0.000000,0,0,132
1585937784068,0.000000,0,0,132
1585937784767,0.000000,0,0,132
1585937785498,0.000000,0,0,132
1585937786227,0.000000,0,0,132
1585937786915,0.000000,0,0,132
1585937787561,0.000000,0,0,132
1585937788264,0.000000,0,0,132
1585937788888,0.000000,0,0,132
1585937789561,0.000000,0,0,132
1585937790208,0.000000,0,0,132
1585937790957,0.000000,0,0,132
1585937791619,0.000000,0,0,132
1585937792330,0.000000,0,0,132
1585937792995,0.000000,0,0,132
1585937793711,0.000000,0,0,132
1585937794346,0.000000,0,0,132
1585937795022,0.000000,0,0,132
1585937795666,0.000000,0,0,132
1585937796427,0.000000,0,0,132
1585937797075,0.000000,0,0,132
1585937797729,0.000000,0,0,132
1585937798449,0.000000,0,0,132
1585937799182,0.000000,0,0,132
1585937799971,0.000000,0,0,132
1585937800668,0.000000,0,0,132
1585937801390,0.000000,0,0,132
1585937802172,0.000000,0,0,132
1585937802826,0.000000,0,0,132
1585937803546,0.000000,0,0,132
1585937804177,0.000000,0,0,132
1585937804934,0.000000,0,0,132
1585937805577,0.000000,0,0,132
1585937806221,0.000000,0,0,132
1585937806898,0.000000,0,0,132
1585937807604,0.000000,0,0,132
1585937808253,0.000000,0,0,132
1585937808988,0.000000,0,0,132
1585937809698,0.000000,0,0,132
1585937810418,0.000000,0,0,132
1585937811117,0.000000,0,0,132
1585937811845,0.000000,0,0,132
1585937812589,0.000000,0,0,132
1585937813397,0.000000,0,0,132
1585937814112,0.000000,0,0,132
1585937814743,0.000000,0,0,132
1585937815524,0.000000,0,0,132
1585937816156,0.000000,0,0,132
1585937816813,0.000000,0,0,132
1585937817517,0.000000,0,0,132
1585937818229,0.000000,0,0,132
1585937818910,0.000000,0,0,132
1585937819593,0.000000,0,0,132
1585937820268,0.000000,0,0,132
1585937820905,0.000000,0,0,132
1585937821614,0.000000,0,0,132
1585937822293,0.000000,0,0,132
1585937823035,0.000000,0,0,132
1585937823833,0.000000,0,0,132
1585937824481,0.000000,0,0,132
1585937825134,0.000000,0,0,132
1585937825814,0.000000,0,0,132
1585937826493,0.000000,0,0,132
1585937827134,0.000000,0,0,132
1585937827861,0.000000,0,0,132
1585937828569,0.000000,0,0,132
1585937829278,0.000000,0,0,132
1585937829966,0.000000,0,0,132
1585937830665,0.000000,0,0,132
1585937831374,0.000000,0,0,132
1585937832078,0.000000,0,0,132
1585937832779,0.000000,0,0,132
1585937833421,0.000000,0,0,132
1585937834100,0.000000,0,0,132
